variant_id,stop_id
786470,481
786470,3526
786470,1743
786470,554
786471,553
786471,1742
786471,3517
786471,480
786472,553
786472,1742
786472,3517
786472,480
786474,3517
786474,480
786475,480
786477,481
786477,3526
786479,1743
786479,554
786493,1239
786493,281
786493,403
786493,3924
786494,3405
786494,3404
786494,3924
786494,2855
786495,281
786495,403
786495,4095
786498,3405
786498,3404
786498,3924
786498,2855
786499,3405
786499,3404
786499,3924
786499,2855
786566,1704
786566,2477
786566,4248
786567,4248
786567,2040
786567,1705
786569,4248
786569,2040
786569,1705
786570,4248
786570,2040
786572,3976
786575,3976
786583,895
786583,3976
786584,992
786584,1705
786586,992
786586,1015
786586,1705
786587,992
786587,1015
786587,1705
786589,2251
786589,895
786589,3976
787364,616
787364,1248
787364,711
787364,2279
787364,3599
787364,3604
787364,3601
787364,3663
787364,1083
787365,1200
787365,3662
787365,3600
787365,3603
787365,3415
787365,2828
787365,1819
787366,616
787366,1248
787366,711
787366,2279
787366,3599
787366,3604
787366,3601
787367,3600
787367,3603
787367,3415
787367,2828
787367,1819
787368,616
787368,1248
787368,711
787368,2279
787368,3599
787368,3604
787369,3617
787369,3603
787369,3415
787369,2828
787369,1819
787370,616
787370,1248
787370,711
787370,2279
787370,3599
787370,3604
787370,3601
787370,3635
787372,616
787372,1248
787372,711
787372,2279
787372,3599
787372,3604
787372,3601
787372,3635
787373,3615
787373,3600
787373,3603
787373,3415
787373,2828
787373,1819
787374,3615
787374,3655
787374,3600
787374,3603
787374,3415
787374,2828
787374,1819
787375,1200
787375,3662
787375,3655
787375,3600
787375,3603
787375,3415
787375,2828
787375,1819
787376,1200
787376,3662
787376,3600
787376,3616
787376,3603
787376,3415
787376,2828
787376,1819
787377,616
787377,1248
787377,711
787377,2279
787377,3599
787377,3604
787377,3616
787377,3601
787378,616
787378,1248
787378,711
787378,2279
787378,3599
787378,3604
787378,3601
787379,616
787379,1248
787379,711
787379,2279
787379,3599
787379,3604
787379,3616
787379,3601
787380,3600
787380,3616
787380,3603
787380,3415
787380,2828
787380,1819
787381,3600
787381,3631
787381,3603
787381,3415
787381,2828
787381,1819
787383,3601
787383,3655
787383,3600
787383,3603
787383,3415
787383,2828
787383,1819
787384,616
787384,1248
787384,711
787384,2279
787384,3599
787384,3604
787384,3632
787384,3621
787384,1092
787385,616
787385,1248
787385,711
787385,2279
787385,3599
787385,3604
787385,3632
787385,3621
787385,1092
787386,616
787386,1248
787386,711
787386,2279
787386,3599
787386,3604
787387,616
787387,1248
787387,711
787387,2279
787387,3599
787387,3604
787387,3601
787387,3655
787387,3600
787388,616
787388,1248
787388,711
787388,2279
787388,3599
787388,3604
787388,3680
787388,3601
787389,616
787389,1248
787389,711
787389,2279
787389,3599
787389,3604
787389,3680
787389,3601
787390,616
787390,1248
787390,711
787390,2279
787390,3599
787390,3604
787390,3632
787391,2279
787391,3599
787391,3604
787391,3632
787392,2279
787392,3599
787392,3604
787393,3680
787393,3617
787393,3603
787393,3415
787393,2828
787393,1819
787394,3689
787394,3736
787394,1093
787394,3617
787394,3603
787394,3415
787394,2828
787394,1819
787395,3617
787395,3603
787395,3415
787395,2828
787395,1819
787396,1093
787396,3617
787396,3603
787396,3415
787396,2828
787396,1819
787397,1093
787397,3617
787397,3603
787397,3415
787397,2828
787397,1819
787398,3617
787398,3616
787398,3603
787398,3415
787398,2828
787398,1819
787399,3689
787399,1093
787399,3617
787399,3603
787399,3415
787401,3617
787401,3603
787401,3415
790335,1704
790335,72
790335,1125
791111,148
791128,1015
791130,1015
791130,1705
791961,3421
791961,2305
791961,3646
791961,3645
791961,3722
791961,3852
791962,3667
791962,1703
791962,3668
791962,1731
791962,3037
791962,3647
791962,2274
791962,3415
791963,3421
791963,2305
791963,3646
791963,3036
791963,1979
791963,3669
791963,1702
791963,3588
791963,3666
791963,3722
791964,2305
791964,3646
791964,3645
791964,3722
791964,3852
791965,3667
791965,3586
791965,1703
791965,3668
791965,1731
791965,3037
791965,3647
791965,2274
791965,3420
791966,3721
791966,3644
791966,1731
791966,3647
791966,2274
791966,3415
791967,3667
791967,3586
791972,1249
791972,27
791973,26
791973,3133
792029,3421
792029,2275
792030,2276
792030,3415
792030,2771
792031,2275
792032,2276
792032,3415
792094,2482
792094,73
792094,1705
792096,148
792096,1705
792097,1704
792098,1705
792098,4201
792099,1704
792099,2251
792099,895
792100,992
792100,1015
792100,1705
792102,1015
792102,1705
792103,1704
792103,149
792104,148
792104,1705
792105,2482
792105,73
792105,3467
792105,2839
792106,2838
792106,3476
792106,74
792106,1025
792107,2482
792107,73
792107,1705
792108,2482
792108,73
792109,2482
792109,73
792109,1705
792111,73
792113,148
792113,1705
792113,4201
792115,148
792115,1705
792116,148
792116,1705
792117,153
792117,148
792117,1705
792118,153
792118,148
792120,153
792120,148
792120,1705
792121,1705
792124,1705
792125,992
792125,1015
792126,992
792126,1015
792126,1705
792127,992
792127,1015
792127,1705
792128,3871
792128,992
792128,1015
792128,1705
792129,3871
792129,992
792129,1015
792130,3871
792130,992
792130,1015
792130,1705
792131,3871
792131,992
792131,1015
792131,1705
792132,1704
792132,2251
792132,895
792132,3870
792133,895
792134,895
792136,1015
792136,1705
792138,148
792139,148
792139,1705
792140,148
792140,1705
792141,153
792141,148
792142,153
792142,148
792142,1705
792144,1704
792144,149
792144,153
792145,83
792145,2482
792145,73
792146,2838
792146,3476
792146,74
792146,1025
792147,2838
792147,3476
792147,74
792147,1025
792149,74
792149,1025
792150,74
792150,1025
792151,74
792151,1025
792152,74
792152,1025
792155,638
792155,3124
792156,3123
792156,636
792157,638
792157,3124
792157,3431
792158,695
792158,3123
792158,636
792159,638
792159,3124
792159,3431
792160,695
792160,3123
792160,636
792808,242
792808,255
792809,256
792809,3806
792809,494
792876,760
792876,1230
792876,2711
792876,3419
792876,2935
792876,2646
792877,2935
792877,2506
792878,760
792878,1230
792878,2711
792878,3419
792878,2935
792881,2935
792881,2506
792881,3422
792881,2013
792882,2506
792882,3422
792882,2013
792883,3422
792883,2013
792884,3422
792884,2013
792884,761
792885,2506
792885,3422
792885,2013
792885,761
792886,760
792886,1230
792886,2711
792886,3419
792886,2646
792894,637
792894,1165
792894,668
792894,2172
792894,675
792894,1074
792895,686
792895,667
792895,636
792896,637
792896,668
792901,686
793489,711
793489,3422
793489,3607
793489,3641
793489,3621
793490,4254
793490,3640
793490,3608
793490,3415
793490,2828
793491,711
793491,3607
793491,3641
793491,3027
793491,3727
793492,3728
793492,3640
793492,3608
793492,3415
793492,2828
793493,728
793493,3244
793493,3720
793493,3657
793493,3669
793493,1702
793493,3709
793493,1081
793493,3064
793493,3717
793493,3674
793494,3716
793494,3065
793494,1082
793494,3670
793494,3658
793494,3720
793494,3415
793495,3420
793495,2782
793495,3640
793495,777
793495,2115
793496,2781
793496,3415
793497,3640
793497,3608
793497,3415
793497,2828
793498,711
793498,3422
793498,3607
793498,3641
793498,3595
793499,711
793499,3422
793499,3607
793500,711
793500,3422
793500,3607
793501,711
793501,3422
793501,3607
793501,3641
793501,3621
793502,3640
793502,3608
793502,3415
793502,2828
793503,3640
793503,3608
793503,3415
793503,2828
793504,3640
793504,3608
793504,3415
793505,1093
793505,4254
793505,3640
793505,3608
793505,3415
793505,2828
793506,3608
793506,3415
793506,2828
793508,3608
793508,3415
793508,2828
793509,711
793509,3607
793509,3641
793509,3027
793510,711
793510,3607
793510,3641
793510,3027
793510,3727
793510,2254
793511,3607
793511,3641
793511,3027
793511,3727
793512,3728
793512,3640
793512,3608
793512,3415
793512,2828
793514,3640
793514,3608
793514,3415
793514,2828
793515,2255
793515,3728
793515,3640
793515,3608
793515,3415
793515,2828
793517,2255
793517,3728
793517,3640
793517,3608
793517,3415
793517,2828
793518,3689
793518,2255
793518,3728
793518,3640
793518,3608
793518,3415
793518,2828
793519,728
793519,3244
793519,3657
793519,3669
793519,1702
793519,3709
793519,1081
793519,3064
793519,3717
793519,3674
793520,3720
793520,3657
793520,3668
793520,1979
793520,1702
793520,3709
793520,1081
793520,3064
793520,3717
793520,3674
793521,3657
793521,3668
793521,1979
793521,3669
793521,1702
793522,3421
793522,728
793522,3657
793522,3669
793522,1702
793522,3709
793522,1081
793522,3701
793522,3717
793522,3674
793523,728
793523,3720
793523,3657
793523,3669
793523,1702
793523,3709
793523,1081
793523,3701
793523,3717
793523,3674
793524,728
793524,3657
793524,3668
793524,1979
793524,3669
793524,1702
793524,3709
793524,1081
793524,3064
793524,3717
793524,3674
793526,3716
793526,3065
793526,1082
793526,3670
793526,3658
793526,3415
793527,3673
793527,3716
793527,3065
793527,1082
793527,1703
793527,3668
793527,1979
793527,3670
793527,3658
793527,3720
793527,727
793527,3415
793528,3673
793528,3716
793528,1703
793528,3670
793528,3658
793528,3415
793530,3673
793530,3716
793530,3065
793530,1082
793530,1979
793530,3670
793530,3658
793530,3415
793531,3673
793531,3716
793531,1082
793532,3245
793532,3415
793533,3420
793533,2782
793533,3640
793533,777
793533,3694
793533,2115
793534,3420
793534,2782
793535,3420
793535,2782
793536,3420
793536,2782
793536,3026
793536,3640
793536,777
793537,3420
793537,2782
793538,3420
793538,2782
793538,3641
793539,2782
793540,3693
793540,2781
793540,3415
793541,2781
793541,3415
793542,2781
793542,3415
793543,2781
793543,3415
793544,2781
793544,3415
793545,2781
793546,2781
793547,638
793547,705
793548,706
793548,639
793549,4266
793550,4265
793554,480
793554,347
793554,2666
793554,4401
793554,4389
793555,4389
793555,4400
793555,1215
793555,481
793556,518
793556,436
793556,3134
793557,469
793557,2905
793557,435
793557,1011
793558,480
793558,2035
793558,350
793559,3807
793559,349
793559,1215
793559,481
793560,480
793560,347
793560,2666
793560,4401
793561,4400
793561,348
793561,1215
793561,481
793562,3134
793562,3132
793562,3514
793562,317
793562,281
793562,3934
793563,3933
793563,2863
793563,316
793563,3518
793563,3892
793563,1249
793563,3134
793564,2863
793564,316
793564,3518
793564,1249
793564,3134
793565,3134
793565,3132
793565,3514
793565,317
793565,281
793565,1906
793566,526
793566,538
793567,539
793567,527
793568,480
793568,347
793568,2666
793568,4401
793568,4389
793568,864
793569,480
793569,347
793569,2666
793569,4401
793569,4389
793569,2010
793570,480
793570,347
793570,2666
793570,4401
793570,4389
793577,480
793577,2035
793577,350
793578,480
793578,2035
793578,350
793578,2010
793579,480
793579,2035
793579,350
793579,2010
793580,480
793580,2035
793580,350
793586,480
793586,347
793586,2666
793586,4401
793587,480
793587,347
793587,2666
793587,4401
793588,480
793588,347
793588,2666
793588,4401
793588,864
793592,3934
793593,3134
793593,3132
793593,3514
793593,317
793593,281
793596,3892
793596,1249
793596,3134
793597,469
793597,3132
793597,3514
793597,317
793597,281
793597,3934
793598,469
793598,3132
793598,3514
793598,317
793598,281
793598,1906
793599,2863
793599,316
793599,3518
793599,1249
793599,3134
793600,3134
793600,3132
793600,3514
793600,317
793600,281
793600,1906
793600,3934
793601,3933
793602,316
793602,3518
793602,1249
793602,3134
793603,316
793603,3518
793603,1249
793603,3134
793604,526
793604,529
793604,538
793605,526
793605,538
793605,3272
793606,526
793606,529
793606,538
793606,3272
793607,526
793607,538
793608,539
793608,527
793609,3272
793609,539
793609,527
793610,539
793610,528
793610,527
793611,553
793611,1742
793611,3517
793611,480
793611,2527
793612,2330
793612,2528
793612,481
793612,3526
793612,1743
793612,554
793617,378
793617,3890
793617,480
793617,4138
793617,3134
793618,3134
793618,4122
793618,481
793618,3891
793618,2341
793619,4138
793621,3134
793621,4122
793621,481
793621,3891
793622,378
793622,3890
793622,480
793622,4138
793622,3134
793623,3134
793623,4122
793623,481
793623,3891
793623,2341
793625,2341
793626,2341
793627,3134
793627,4122
793627,481
793627,3891
793627,2341
793628,378
793628,3890
793628,480
793628,4138
793628,3134
793629,3134
793630,3134
793632,481
793632,3891
793632,2341
793633,3134
793634,3890
793634,480
793634,4138
793634,3134
793636,3890
793636,480
793640,378
793640,3890
794308,1795
794308,556
794308,871
794308,567
794309,2949
794309,803
794309,1740
794310,2949
794310,803
794310,1740
794310,874
794310,1244
794310,613
794311,1819
794311,942
794311,1743
794312,637
794312,666
794312,212
794312,195
794312,179
794313,180
794313,1142
794313,824
794313,638
794314,195
794314,179
794315,638
794316,637
794316,666
794316,212
794316,195
794316,179
794317,180
794317,1142
794317,824
794317,638
794318,637
794319,242
794319,255
794319,261
794319,179
794319,3222
794320,187
794320,3221
794320,180
794320,262
794320,256
794320,3806
794320,494
794321,3574
794322,255
794322,261
794322,179
794322,3222
794324,187
794324,3221
794324,180
794324,262
794324,256
794325,187
794325,3221
794325,180
794325,262
794325,256
794325,3806
794325,494
794325,901
794326,2274
794326,3415
794326,2828
794326,1819
794326,2028
794326,212
794327,1142
794327,1176
794327,1248
794327,711
794327,2305
794328,2274
794328,3415
794328,2828
794328,613
794329,1142
794329,1176
794329,613
794330,1142
794331,1142
794332,1248
794332,711
794332,2305
794333,212
794982,3517
794982,3518
794982,1218
794982,4138
794982,4123
794983,4125
794983,4137
794983,4122
794983,3906
794983,3514
794983,3519
794984,3517
794984,3518
794984,1218
794984,4138
794984,4123
794984,4375
794985,4376
794985,4125
794985,4137
794985,4122
794985,3906
794985,3514
794985,3519
794987,656
794987,3518
794987,1218
794987,4138
794987,4123
794989,656
794990,4125
794990,4137
794990,4122
794990,3906
794990,3514
794990,3519
794990,1175
794991,4376
794991,4125
794991,4137
794991,4122
794991,3906
794991,3514
794991,1175
794994,378
794994,864
794994,2816
794994,546
794994,1741
794994,711
794994,2305
794995,2274
794995,3415
794995,2828
794995,1740
794995,1330
794995,2815
794995,3891
794995,396
794995,2342
794996,1901
794996,604
794996,711
794996,2305
794997,2274
794997,3415
794997,2828
794997,603
794997,1900
794998,576
794998,567
794999,582
794999,568
794999,2949
794999,575
794999,1740
795000,16
795000,198
795000,3547
795000,256
795000,1151
795000,494
795000,3518
795000,3102
795000,509
795000,546
795000,613
795000,637
795000,3833
795001,3833
795001,639
795001,1819
795001,1330
795001,508
795001,3102
795001,3514
795001,1154
795001,255
795001,1759
795001,15
795002,1901
795002,613
795002,3896
795003,3899
795003,1892
795003,603
795003,1900
795004,3526
795004,546
795004,1178
795004,1248
795004,711
795005,3415
795005,2828
795005,1819
795005,617
795005,1330
795005,3517
795006,1901
795006,604
795006,711
795007,3415
795007,2828
795007,603
795007,1900
795008,3412
795008,3547
795008,256
795008,1151
795008,305
795008,3891
795009,3890
795009,304
795009,2855
795009,255
795009,1759
795009,3416
795010,636
795010,818
795010,508
795010,3106
795010,3514
795010,396
795011,864
795011,3890
795011,3518
795011,3106
795011,509
795011,2816
795011,1782
795011,638
795012,636
795012,818
795012,508
795012,3106
795012,3514
795012,1000
795012,2342
795013,864
795013,3890
795013,3518
795013,3106
795013,509
795013,2816
795013,1782
795013,638
795014,55
795014,1945
795014,2274
795014,2304
795014,3415
795014,2828
795014,1740
795014,1330
795014,2954
795014,508
795014,3102
795014,3514
795014,2861
795014,1149
795014,251
795015,2884
795015,271
795015,2863
795015,3518
795015,3102
795015,509
795015,2953
795015,546
795015,1741
795015,711
795015,2273
795015,2305
795015,1945
795016,4265
795016,824
795016,651
795016,656
795016,508
795016,3106
795016,3514
795016,3901
795017,3890
795017,3518
795017,3106
795017,509
795017,2816
795017,1175
795017,650
795017,4266
795018,1230
795018,3415
795018,2828
795018,1819
795018,1330
795018,508
795018,3107
795018,3514
795018,2816
795018,1154
795018,281
795019,1151
795019,494
795019,2815
795019,3518
795019,3102
795019,509
795019,841
795019,1248
795019,711
795020,1215
795020,481
795020,3104
795020,509
795020,242
795020,255
795020,3874
795020,3801
795021,3802
795021,3879
795021,256
795021,3806
795021,3518
795021,3103
795021,480
795021,2035
795022,3526
795022,2816
795022,242
795022,3797
795022,255
795023,256
795023,3806
795023,494
795024,2863
795024,316
795024,2816
795024,1178
795024,613
795024,3896
795025,3899
795025,1819
795025,617
795025,2815
795025,317
795025,281
795026,647
795026,639
795026,1248
795026,711
795026,2305
795027,51
795027,2274
795027,3415
795027,2828
795027,613
795027,4386
795027,638
795027,700
795028,666
795028,212
795028,255
795028,271
795028,281
795029,2861
795029,1149
795029,256
795029,1142
795029,824
795030,4265
795030,639
795030,3896
795030,4021
795030,568
795031,567
795031,1189
795031,613
795031,4386
795031,637
795031,644
795031,1329
795031,4266
795032,2880
795032,553
795032,1740
795032,1330
795032,508
795032,3105
795032,3514
795032,242
795032,212
795032,129
795032,1251
795033,3008
795033,891
795033,1138
795033,211
795033,240
795033,3105
795033,509
795033,546
795033,1743
795033,554
795034,803
795034,553
795034,1740
795034,1330
795034,508
795034,3103
795034,480
795034,2527
795035,2528
795035,481
795035,3103
795035,509
795035,546
795035,1743
795035,554
795036,3105
795036,509
795036,841
795036,804
795036,576
795036,567
795037,575
795037,977
795037,1330
795037,3105
795038,3008
795038,891
795038,1138
795038,3412
795038,211
795038,240
795038,3518
795038,3104
795038,509
795038,546
795038,27
795039,26
795039,1330
795039,508
795039,3104
795039,3514
795039,242
795039,212
795039,2579
795039,3416
795039,1251
795039,2999
795040,509
795040,3526
795040,2953
795040,841
795040,2029
795040,1248
795040,2594
795040,934
795041,935
795041,707
795041,611
795041,1819
795041,1017
795041,1330
795041,2954
795041,3517
795041,508
795041,3102
795042,255
795042,271
795042,281
795042,378
795043,2342
795043,2861
795043,1149
795043,256
795044,4386
795044,636
795044,818
795044,242
795044,255
795044,271
795045,1149
795045,256
795045,240
795045,1782
795045,639
795045,3896
795046,4386
795046,637
795046,668
795046,2172
795047,4151
795047,686
795047,998
795047,639
795047,3896
795048,242
795048,255
795049,256
795049,3806
795050,1125
795050,788
795050,216
795050,240
795050,1330
795050,508
795050,3107
795050,3892
795050,1249
795050,3134
795051,469
795051,3132
795051,3906
795051,3104
795051,547
795051,242
795051,217
795051,2479
795052,637
795052,650
795052,656
795052,1330
795052,3517
795052,480
795053,481
795053,3526
795053,547
795053,1175
795054,788
795054,216
795054,4381
795054,493
795054,305
795054,3900
795055,3901
795055,304
795055,495
795055,870
795055,242
795055,217
795055,2479
795056,255
795056,261
795056,179
795056,3800
795057,3799
795057,3802
795057,180
795057,262
795057,256
795058,255
795058,261
795058,179
795058,3800
795059,3799
795059,3802
795059,180
795059,256
795060,977
795060,1312
795060,818
795060,4381
795061,3899
795061,637
795061,666
795061,212
795061,255
795061,271
795061,2863
795062,284
795062,2861
795062,1149
795062,256
795062,1142
795062,824
795062,1165
795062,3123
795062,998
795062,639
795062,3896
795063,2028
795063,215
795064,214
795064,1176
795065,217
795065,2479
795065,115
795066,114
795066,788
795066,216
795067,3412
795067,1306
795067,2863
795067,3900
795067,2527
795068,2528
795068,3901
795068,2855
795068,1174
795068,3416
795068,116
795069,636
795069,818
795069,4381
795069,494
795069,3900
795070,3901
795070,952
795070,1782
795070,638
795071,26
795071,445
795071,3906
795071,319
795071,2855
795071,255
795072,256
795072,1151
795072,318
795072,3892
795072,27
795073,242
795073,217
795073,212
795073,3547
795073,2884
795074,251
795074,1759
795074,1142
795074,216
795074,4381
795075,26
795075,3133
795075,3906
795075,319
795075,2855
795075,255
795076,256
795076,1151
795076,318
795076,3892
795076,1249
795076,27
795077,3891
795077,3138
795077,3924
795077,4095
795077,3405
795077,3404
795077,4077
795078,3405
795078,3404
795078,4077
795078,3924
795078,864
795078,3890
795079,656
795079,242
795079,255
795080,256
795080,240
795080,1175
795081,212
795081,115
795081,1025
795082,1125
795082,114
795082,211
795083,115
795083,1139
795083,981
795083,799
795083,1025
795084,91
795084,798
795084,994
795085,217
795085,115
795085,91
795086,94
795086,1125
795086,3762
795086,216
795087,1289
795087,2029
795087,637
795087,668
795087,2172
795087,675
795088,4151
795088,686
795088,998
795088,642
795088,636
795088,1176
795089,1901
795089,604
795089,711
795090,3884
795090,3415
795090,2828
795090,603
795090,1900
795091,2816
795091,952
795091,1782
795091,1313
795091,1742
795091,3517
795092,2855
795092,1174
795092,1142
795092,2172
795092,675
795092,678
795093,679
795093,686
795093,212
795093,1306
795093,281
795094,378
795095,2274
795095,3415
795095,2828
795095,1740
795095,1330
795095,2815
795095,3891
795095,396
795095,2342
795096,2274
795096,3415
795096,2828
795096,1740
795096,1330
795096,2815
795097,2274
795097,3415
795097,2828
795097,1740
795097,1330
795097,2815
795098,378
795098,864
795098,2816
795098,546
795098,1741
795098,711
795098,2305
795099,2815
795099,3891
795099,396
795099,2342
795100,1740
795100,1330
795100,2815
795100,3891
795100,396
795100,2342
795101,2274
795101,3415
795101,2828
795103,378
795103,864
795103,2816
795104,711
795104,2305
795105,711
795105,2305
795106,1901
795106,604
795106,711
795106,2305
795107,1901
795108,1892
795108,711
795108,2305
795109,711
795109,2305
795110,603
795110,1900
795111,2274
795111,3415
795111,2828
795112,1892
795112,576
795112,567
795114,582
795114,568
795114,2949
795114,575
795114,1740
795114,874
795114,613
795116,576
795116,567
795117,582
795117,568
795117,2949
795118,576
795118,1034
795118,1701
795118,567
795119,576
795119,1034
795119,1701
795119,567
795120,576
795120,595
795120,567
795122,582
795122,568
795122,596
795122,575
795122,1740
795123,582
795123,568
795123,2949
795123,1034
795123,1701
795123,575
795123,1740
795124,1819
795124,1743
795125,1819
795125,1743
795129,639
795129,1819
795129,1330
795129,508
795130,3514
795130,1154
795130,255
795130,1759
795130,15
795131,16
795131,198
795131,3547
795131,256
795131,1151
795131,494
795131,3518
795131,3102
795132,16
795132,198
795132,3547
795132,256
795132,1151
795132,494
795132,3518
795133,3899
795133,1819
795133,1330
795133,508
795133,3102
795133,3514
795133,1154
795133,255
795133,1759
795133,15
795134,16
795134,198
795134,3547
795134,256
795134,1151
795134,494
795134,3518
795134,3102
795134,509
795134,546
795134,613
795136,509
795136,546
795136,613
795136,637
795136,3833
795137,3899
795137,637
795138,509
795138,546
795138,613
795138,637
795140,546
795140,613
795140,637
795140,3833
795141,546
795141,613
795141,637
795142,546
795142,613
795142,637
795143,3833
795143,638
795146,1901
795146,613
795147,1901
795147,613
795149,1901
795149,613
795149,3896
795151,1901
795152,603
795152,1900
795153,3899
795153,1892
795153,603
795153,1900
795154,3899
795155,3899
795157,3899
795157,1892
795157,603
795157,1900
795159,3899
795159,1892
795159,603
795159,1900
795161,3899
795161,1892
795161,603
795161,1900
795162,3899
795162,1892
795162,603
795162,1900
795163,3896
795164,3896
795164,3144
795165,1892
795165,603
795165,1900
795167,625
795167,1892
795167,603
795167,1900
795168,3899
795169,3899
795171,3526
795171,546
795171,1178
795171,1248
795171,711
795172,3415
795172,2828
795172,1819
795172,617
795172,1330
795172,3517
795175,1819
795175,617
795175,1330
795175,3517
795176,1819
795176,617
795176,1330
795177,1248
795177,711
795178,3415
795178,2828
795178,613
795179,3526
795179,546
795179,1178
795179,613
795181,1901
795181,604
795181,711
795182,1901
795182,604
795182,711
795183,1901
795183,604
795183,711
795185,604
795185,711
795186,604
795186,711
795187,604
795187,711
795188,3415
795188,2828
795188,602
795188,613
795189,1901
795189,602
795190,603
795190,1900
795191,788
795191,3412
795191,3547
795191,256
795191,1151
795191,305
795191,3891
795192,3412
795192,3547
795192,256
795194,305
795194,3891
795195,3890
795195,304
795195,2855
795195,255
795195,1759
795195,3416
795197,3890
795197,304
795198,1151
795198,305
795198,3891
795199,1151
795199,305
795199,3891
795200,3412
795200,3547
795200,256
795200,1151
795200,305
795200,3891
795204,1151
795204,305
795204,3891
795206,3890
795206,304
795206,2855
795207,3890
795207,304
795209,636
795209,818
795209,508
795209,3106
795209,3514
795211,3514
795211,396
795212,509
795212,2816
795212,1782
795212,638
795213,3901
795214,864
795214,3890
795214,3518
795214,3106
795214,509
795214,2816
795214,1782
795214,638
795216,271
795216,281
795217,864
795217,3890
795217,3518
795217,3106
795218,864
795218,3890
795218,3518
795218,3106
795218,509
795218,2816
795218,1782
795218,638
795220,55
795220,1945
795220,2274
795220,2304
795220,3415
795220,2828
795220,1740
795220,1330
795220,2954
795220,508
795221,55
795221,1945
795221,2274
795221,2304
795221,3415
795221,2828
795221,1740
795221,1330
795221,2954
795221,508
795222,55
795222,2274
795222,2304
795222,3415
795222,2828
795222,1740
795222,1330
795222,2954
795222,508
795222,3102
795222,3514
795222,2861
795222,1149
795222,251
795227,2884
795227,271
795227,2863
795227,3518
795227,3102
795227,509
795227,2953
795227,546
795227,1741
795227,711
795227,2273
795227,2305
795229,2273
795229,2305
795230,1149
795230,251
795232,55
795232,2274
795232,2304
795232,3415
795232,2828
795233,55
795233,2274
795233,2304
795233,3415
795233,2828
795233,626
795234,2274
795234,2304
795234,3415
795234,2828
795234,637
795235,55
795235,2796
795235,2274
795235,2304
795235,3415
795235,2828
795235,637
795237,2861
795237,1906
795237,1149
795237,251
795238,3514
795238,2855
795239,2855
795240,509
795240,2953
795240,546
795240,1741
795241,1759
795241,116
795242,1759
795242,116
795242,788
795243,1759
795243,1142
795244,4265
795244,824
795244,651
795244,656
795244,508
795244,3106
795244,3514
795244,3901
795245,4265
795245,824
795245,651
795245,656
795245,508
795245,3106
795245,3514
795245,3901
795246,3890
795246,3518
795246,3106
795246,509
795246,2816
795246,1175
795246,650
795246,4266
795249,656
795249,3517
795249,508
795250,656
795250,3517
795250,508
795251,4265
795251,824
795251,651
795252,3890
795252,3518
795253,1230
795253,3415
795253,2828
795253,1819
795253,1330
795253,508
795253,3107
795253,3514
795253,2816
795253,1154
795253,281
795259,1230
795259,3415
795259,2828
795259,1819
795259,1330
795259,508
795260,2855
795260,205
795262,1230
795262,3415
795262,2828
795262,613
795262,637
795263,1248
795263,711
795266,509
795266,841
795266,1248
795266,711
795268,1215
795268,481
795269,3802
795269,3879
795269,256
795269,3806
795269,3518
795269,3103
795269,480
795269,2035
795270,3802
795270,3879
795270,256
795270,3806
795270,3518
795270,3103
795270,480
795270,2035
795272,3802
795272,3879
795272,256
795272,3806
795272,3518
795274,480
795274,2035
795278,256
795278,3806
795278,3518
795280,256
795280,3806
795280,3518
795281,509
795281,242
795281,3797
795281,255
795282,1215
795282,481
795283,1215
795283,481
795284,3901
795284,315
795284,952
795284,1782
795285,3514
795285,2816
795285,242
795285,3797
795285,255
795286,256
795288,3899
795288,1819
795288,617
795288,2815
795288,317
795288,281
795289,3144
795289,3899
795289,1819
795289,617
795289,2815
795289,317
795289,281
795291,3896
795292,3896
795292,2235
795292,1819
795292,617
795292,2815
795292,317
795292,281
795293,316
795293,2816
795293,1178
795293,613
795293,3896
795296,2863
795296,316
795296,2816
795296,1178
795296,613
795299,3899
795305,51
795305,2274
795305,3415
795305,2828
795305,613
795305,4386
795305,638
795308,51
795308,2274
795309,647
795309,637
795311,639
795311,1248
795311,711
795311,2305
795313,638
795313,700
795314,1248
795314,711
795314,2305
795316,666
795316,212
795316,255
795316,271
795316,281
795320,2861
795320,1149
795320,256
795320,1142
795320,824
795322,2861
795322,1149
795322,256
795322,1142
795322,824
795324,666
795324,212
795324,255
795324,271
795324,281
795328,2861
795328,1149
795328,256
795328,1142
795328,824
795328,879
795329,2861
795329,1149
795336,567
795336,1189
795337,4265
795337,639
795337,3896
795337,4021
795337,568
795338,4265
795338,639
795338,3896
795338,4021
795338,567
795339,568
795339,1189
795339,613
795339,4386
795339,637
795339,644
795339,1329
795339,4266
795340,4265
795340,639
795340,3896
795340,4021
795340,568
795340,1034
795340,1701
795341,4265
795341,639
795341,3896
795341,4021
795341,1034
795341,1701
795341,567
795342,639
795342,3896
795342,4021
795342,1034
795342,1701
795342,567
795343,4265
795343,639
795343,3896
795343,4021
795343,2117
795343,568
795345,4265
795345,639
795345,3896
795345,4021
795345,2117
795345,567
795346,1034
795346,1701
795346,567
795346,1189
795346,613
795346,4386
795346,637
795346,644
795346,1329
795346,4266
795347,568
795347,2117
795347,613
795347,4386
795347,637
795347,644
795347,1329
795347,4266
795348,568
795348,1034
795348,1701
795348,2117
795348,613
795348,4386
795348,637
795348,644
795348,1329
795348,4266
795349,567
795349,2117
795349,613
795349,4386
795349,637
795349,644
795349,1329
795349,4266
795350,568
795351,567
795351,2117
795352,568
795352,613
795352,4386
795352,637
795352,644
795354,4265
795355,639
795355,3896
795355,4021
795355,567
795356,1329
795356,4266
795358,1330
795358,508
795358,3105
795359,546
795359,1743
795359,554
795361,2880
795361,553
795361,1740
795361,1330
795361,508
795363,553
795363,1740
795363,1330
795363,508
795363,3105
795364,553
795364,1740
795365,553
795365,804
795366,509
795366,546
795366,1743
795366,554
795367,509
795368,3008
795368,891
795368,1138
795368,211
795368,240
795368,3518
795369,2880
795369,553
795369,804
795369,637
795370,553
795370,1740
795370,1330
795370,508
795370,3103
795370,480
795370,2527
795373,803
795373,553
795373,1740
795373,1330
795373,508
795374,509
795374,547
795376,2528
795376,481
795376,3103
795376,509
795376,546
795376,1743
795376,554
795377,2528
795377,481
795377,509
795377,547
795383,3105
795383,509
795383,547
795385,3008
795385,891
795385,1138
795385,3412
795385,211
795385,240
795385,3518
795386,3008
795386,891
795386,1138
795386,3412
795386,211
795386,240
795386,3518
795387,509
795387,546
795387,27
795388,1138
795388,3412
795388,211
795388,240
795389,3514
795389,242
795389,212
795389,2579
795389,3416
795389,1251
795389,2999
795390,26
795390,1330
795390,508
795390,3104
795390,3514
795390,242
795390,212
795390,2579
795390,3416
795392,26
795392,1330
795392,508
795393,26
795393,1330
795393,545
795393,543
795393,1175
795394,935
795394,707
795394,611
795395,2594
795395,934
795396,2861
795396,1149
795396,256
795397,2342
795397,2861
795397,1149
795397,256
795398,255
795398,271
795398,281
795398,378
795398,1153
795399,1153
795399,2342
795399,2861
795399,1149
795399,256
795400,1153
795400,2342
795400,2861
795400,1149
795400,256
795401,2342
795401,2861
795401,1149
795401,256
795402,2342
795403,255
795403,271
795403,281
795403,378
795404,255
795404,271
795404,281
795404,378
795404,1153
795405,255
795405,271
795405,281
795406,255
795406,271
795406,281
795407,255
795407,271
795407,281
795407,378
795408,255
795408,271
795408,281
795408,378
795408,1153
795410,2342
795411,255
795411,3879
795414,378
795415,1149
795415,256
795415,240
795415,1782
795415,639
795415,3896
795416,639
795416,3896
795417,636
795417,818
795417,242
795417,255
795417,271
795418,4386
795419,1149
795419,256
795419,240
795419,1782
795420,1149
795426,4151
795426,686
795426,998
795426,639
795426,3896
795427,4151
795427,686
795427,998
795427,639
795427,3896
795429,4386
795429,637
795430,4151
795430,686
795432,639
795432,3896
795433,998
795433,639
795433,3896
795434,2172
795435,256
795435,3806
795435,901
795436,256
795436,3806
795436,901
795437,256
795438,613
795439,255
795441,3892
795441,1249
795441,3134
795442,1125
795442,788
795442,216
795442,240
795442,1330
795442,508
795442,3107
795442,3892
795442,1249
795442,3134
795443,1249
795443,3134
795444,788
795444,216
795444,240
795444,1330
795444,3107
795445,788
795445,2554
795446,1125
795446,788
795446,216
795446,240
795446,1330
795446,508
795449,216
795449,240
795449,1330
795449,508
795451,469
795451,3132
795451,3906
795451,3104
795451,547
795451,242
795451,217
795452,3906
795452,3104
795452,547
795452,242
795452,217
795452,2479
795453,3134
795453,3132
795453,3906
795453,509
795453,547
795453,1175
795455,3134
795455,3132
795455,3906
795455,3104
795455,547
795455,242
795455,217
795455,2479
795456,3906
795456,3104
795456,547
795456,242
795456,217
795456,788
795458,547
795458,242
795458,217
795458,788
795459,788
795459,2554
795465,481
795465,3526
795465,547
795465,1175
795466,481
795466,3526
795466,547
795466,1175
795468,637
795469,650
795469,656
795469,1330
795469,3517
795469,480
795472,481
795472,3526
795472,547
795472,1175
795474,788
795474,216
795474,4381
795474,493
795474,305
795474,3900
795475,3901
795475,304
795475,495
795475,870
795475,242
795475,217
795476,3901
795476,304
795476,495
795476,870
795476,242
795476,217
795476,788
795477,2479
795478,788
795479,216
795479,4381
795479,493
795479,305
795479,3900
795480,788
795481,788
795482,3901
795482,304
795482,495
795482,870
795482,242
795482,217
795486,255
795486,261
795486,179
795486,3800
795487,255
795487,261
795487,179
795487,3800
795488,255
795488,261
795488,2492
795488,3800
795489,3799
795489,3802
795489,180
795489,262
795489,256
795490,3799
795490,3802
795490,180
795490,262
795490,256
795491,3799
795491,3802
795491,2869
795491,262
795491,256
795493,3799
795493,3802
795493,180
795493,256
795494,255
795494,261
795494,179
795494,3800
795495,255
795495,261
795495,179
795495,3800
795496,3799
795496,3802
795496,180
795498,977
795498,1312
795498,818
795498,4381
795499,1312
795499,818
795499,4381
795500,977
795500,1312
795500,1871
795500,1782
795501,494
795504,3899
795504,637
795504,666
795504,212
795504,255
795504,271
795504,1906
795505,256
795505,1142
795505,824
795505,1165
795505,3123
795505,998
795505,639
795506,1149
795506,256
795506,1142
795506,824
795506,639
795507,3896
795508,284
795508,2861
795508,1149
795508,256
795508,205
795508,1142
795508,824
795510,666
795510,212
795510,255
795510,271
795510,2863
795513,3123
795513,998
795513,639
795513,3896
795514,3899
795514,637
795515,3899
795516,613
795516,637
795517,214
795517,1176
795518,1176
795519,214
795519,1176
795521,2028
795523,217
795523,2479
795523,115
795525,216
795526,114
795526,788
795526,216
795527,114
795527,788
795527,216
795527,952
795527,815
795527,1782
795527,638
795528,114
795528,788
795528,216
795528,952
795528,815
795528,1782
795529,818
795529,242
795529,217
795529,2479
795529,115
795530,2479
795530,115
795531,3412
795531,1306
795531,2863
795531,3900
795531,2527
795534,2855
795534,1174
795534,3416
795534,116
795535,3131
795536,1306
795536,2863
795536,3900
795536,2527
795539,2528
795539,3901
795539,2855
795539,1174
795540,2528
795540,3901
795540,2855
795540,1174
795542,2528
795542,3901
795543,1782
795543,638
795544,3901
795544,952
795544,1782
795544,638
795545,638
795550,636
795550,818
795550,4381
795550,494
795550,3900
795551,3901
795551,952
795551,1782
795551,638
795551,879
795552,637
795556,1151
795556,318
795556,3892
795556,27
795557,3892
795557,27
795558,256
795559,26
795559,445
795559,3906
795559,319
795559,2855
795559,255
795560,26
795560,445
795560,3906
795560,319
795562,26
795562,445
795562,3906
795562,319
795563,255
795565,242
795565,217
795565,212
795565,3547
795565,2884
795566,952
795567,212
795567,3547
795567,2884
795568,251
795568,1759
795568,1142
795568,216
795568,4381
795569,251
795569,1759
795569,1142
795569,216
795569,4381
795571,818
795571,4381
795572,251
795572,1759
795572,1142
795573,1151
795573,318
795573,3892
795573,1249
795573,27
795574,256
795575,26
795575,3133
795575,3906
795575,319
795575,2855
795575,255
795577,255
795578,3891
795578,3138
795578,3924
795578,4095
795579,3891
795579,3138
795579,3924
795579,4095
795581,3405
795581,3404
795581,4077
795581,3924
795581,864
795582,3405
795582,3404
795582,4077
795582,3924
795582,864
795582,3890
795583,3405
795583,3404
795583,4077
795583,3924
795583,864
795583,3890
795583,3526
795584,3405
795584,3404
795584,4077
795584,3924
795584,864
795584,3890
795584,3526
795585,3405
795585,3404
795585,4077
795585,3924
795585,864
795585,3890
795587,656
795587,242
795587,255
795591,656
795591,242
795591,255
795592,256
795592,240
795592,1175
795592,1165
795593,1125
795593,114
795593,211
795593,240
795594,1125
795594,114
795595,242
795595,212
795595,115
795595,1025
795596,115
795596,1025
795597,242
795597,212
795597,115
795597,1025
795600,212
795600,115
795600,1025
795606,94
795606,1125
795606,3762
795606,216
795607,217
795607,115
795607,91
795608,94
795608,1125
795608,3762
795608,216
795608,240
795609,94
795609,1125
795609,3762
795610,799
795610,94
795610,1125
795610,3762
795610,216
795612,799
795612,94
795612,1125
795612,3762
795613,94
795613,1125
795613,3762
795614,217
795614,115
795614,91
795614,3136
795615,217
795615,115
795615,91
795615,3136
795616,242
795616,217
795616,115
795616,91
795617,242
795617,217
795617,115
795617,91
795617,3136
795618,115
795618,91
795619,115
795619,91
795619,3136
795620,94
795620,1125
795620,3762
795622,1289
795622,2029
795622,637
795622,668
795623,1289
795623,2029
795624,4151
795624,686
795625,642
795625,636
795625,1176
795626,2172
795626,675
795630,3884
795630,3415
795630,2828
795632,3884
795632,3415
795632,2828
795633,711
795634,603
795634,1900
795635,1901
795635,602
795636,1313
795636,1742
795636,3517
795636,3573
795637,2816
795637,952
795637,1782
795638,679
795638,686
795639,2855
795639,1174
795639,1142
795640,2172
795640,675
795640,678
795641,212
795641,1306
795641,281
795642,1584
795642,1578
795642,1614
795642,1543
795642,3523
795642,1548
795642,1747
795642,1869
795643,1897
795643,2032
795643,4250
795643,1581
795643,1502
795643,1572
795644,1573
795644,1501
795644,1579
795644,1595
795644,2031
795644,1897
795645,1542
795645,3523
795645,1418
795645,2031
795645,1897
795646,1897
795646,2034
795646,1417
795646,3521
795646,1541
795647,1586
795647,1807
795647,1616
795647,1533
795647,2817
795647,1531
795647,1408
795648,1542
795648,1617
795648,1579
795648,1583
795649,1582
795649,1578
795649,1614
795649,1543
795650,1532
795650,2818
795650,1459
795650,1396
795650,1587
795651,1497
795651,2818
795651,1459
795651,2031
795651,1495
795652,1897
795652,2034
795652,1417
795652,1533
795652,2817
795653,1751
795653,1869
795654,1396
795654,1750
795655,1746
795655,1470
795655,1420
795655,3521
795655,2820
795656,1497
795656,2818
795656,3523
795656,1419
795656,1471
795656,1749
795657,1680
795657,4250
795657,2817
795657,1496
795657,1604
795658,1603
795658,1497
795658,2818
795658,1459
795658,1868
795659,1396
795659,1748
795659,1547
795659,3524
795659,1541
795659,1617
795659,1579
795659,1585
795660,1746
795660,1470
795660,1420
795660,1617
795660,1581
795660,1502
795660,1572
795661,1573
795661,1501
795661,1580
795661,1419
795661,1471
795661,1749
795662,1398
795662,3522
795662,1418
795662,2033
795662,1628
795663,1629
795663,2034
795663,1417
795663,3521
795663,1397
795664,1586
795664,1807
795664,1614
795664,1543
795664,1397
795665,1398
795665,1541
795665,1617
795665,1579
795665,1583
795666,1629
795666,2034
795666,1417
795666,1533
795666,2817
795666,1496
795666,1604
795667,1603
795667,1497
795667,2818
795667,1534
795667,1418
795667,2033
795667,1628
795668,1542
795668,1419
795668,1749
795669,1748
795669,1420
795669,1543
795670,1407
795670,1532
795670,2818
795670,1617
795670,1581
795670,1502
795670,1572
795671,1573
795671,1501
795671,1580
795671,1614
795671,2817
795671,1531
795671,1408
795672,1629
795672,1746
795672,1420
795672,1581
795672,1502
795672,1572
795673,1573
795673,1501
795673,1580
795673,1419
795673,1747
795673,1628
795674,1548
795674,1420
795674,1581
795674,1502
795674,1572
795675,1573
795675,1501
795675,1580
795675,1419
795675,1547
795676,1542
795676,3523
795676,1419
795676,1547
795677,1548
795677,1420
795677,3521
795677,1541
795678,1396
795678,2034
795678,1417
795678,3521
795678,1397
795679,1398
795679,3522
795679,1418
795679,2031
795679,1869
795680,1748
795680,1547
795681,1548
795681,1749
795682,1897
795682,1869
795683,1680
795683,1584
795683,1578
795683,1614
795683,1543
795683,3523
795683,1548
795683,1747
795683,1869
795685,2496
795686,2496
795687,3523
795687,1548
795687,1747
795687,1869
795688,1869
795689,1869
795690,1897
795690,2032
795690,4250
795690,1581
795690,1502
795690,1572
795691,1573
795691,1501
795691,1579
795691,1595
795691,2031
795691,1495
795692,1897
795693,2031
795693,1897
795694,1897
795695,1897
795696,1573
795696,1501
795696,1579
795696,1595
795696,2031
795696,2496
795697,1573
795697,1501
795697,1580
795698,1573
795698,1501
795698,1580
795699,1897
795700,1495
795701,4250
795701,1581
795701,1502
795701,1572
795702,1581
795702,1502
795702,1572
795703,1581
795703,1502
795703,1572
795704,1542
795704,3523
795704,1418
795704,2031
795704,1495
795705,1376
795705,1542
795705,3523
795705,1418
795705,2031
795705,1897
795706,1897
795706,2034
795706,1417
795706,3521
795706,1541
795707,1897
795707,2034
795707,1417
795707,3521
795707,1541
795707,1375
795708,1532
795709,1376
795709,1532
795710,1897
795710,2034
795710,1417
795710,3521
795710,1541
795710,1407
795710,1532
795711,1897
795711,2034
795711,1417
795711,3521
795712,1531
795713,1531
795713,1542
795713,3523
795713,1418
795713,2031
795713,1897
795714,1531
795714,1542
795714,3523
795714,1418
795714,2031
795714,1495
795715,3523
795715,1418
795715,2031
795715,1897
795716,1586
795716,1807
795716,1616
795716,1533
795716,2817
795716,1531
795717,1586
795717,1807
795717,1616
795717,1533
795717,2817
795717,1531
795717,1408
795718,1587
795719,1409
795719,1542
795719,1617
795719,1579
795719,1583
795720,1586
795721,1587
795722,1680
795722,1616
795722,1533
795722,2817
795722,1531
795722,1408
795723,1531
795723,1408
795724,1531
795725,1531
795725,1408
795726,1582
795727,1582
795727,1578
795727,1614
795727,1543
795727,1410
795728,1586
795729,1407
795729,1532
795729,2818
795729,1459
795729,1396
795729,1587
795730,1407
795730,1532
795730,2818
795730,1459
795730,1396
795730,1587
795731,1532
795731,2818
795731,1459
795731,1396
795731,1587
795732,1680
795732,1587
795734,1587
795735,1586
795736,1532
795737,1407
795737,1532
795738,1532
795739,1587
795740,1495
795741,1497
795741,2818
795742,1897
795743,1897
795743,2496
795744,1396
795744,1495
795745,2034
795745,1417
795745,1533
795745,2817
795746,2820
795746,1459
795746,2031
795746,1495
795749,1751
795750,1396
795751,1750
795752,1396
795752,1750
795753,1869
795754,1746
795754,1470
795754,1420
795754,3521
795754,2820
795754,1496
795754,1604
795755,1746
795755,1470
795755,1420
795755,3521
795756,1746
795756,1470
795756,1420
795756,3521
795756,2820
795757,1746
795757,1473
795758,1497
795758,2818
795759,1584
795759,1472
795759,1749
795760,1584
795760,1470
795760,1420
795760,3521
795760,2820
795761,2818
795761,3523
795761,1419
795761,1471
795761,1749
795762,3522
795762,1419
795762,1471
795762,1749
795763,2820
795766,1680
795766,4250
795766,2817
795766,1496
795767,2820
795767,1496
795767,1604
795768,1497
795768,2818
795768,1459
795768,1868
795769,1897
795769,1868
795772,1868
795773,1680
795773,4250
795773,2817
795773,1496
795773,1604
795774,1680
795774,4250
795774,2817
795775,1496
795775,1604
795776,1680
795777,1868
795778,1603
795778,1497
795779,1603
795779,1497
795779,2818
795779,1459
795779,1396
795782,1748
795782,1547
795782,3524
795782,1541
795782,1617
795782,1579
795782,1585
795783,1396
795783,1748
795783,1547
795783,3524
795783,1541
795783,1617
795783,1579
795783,1585
795784,1396
795784,1748
795784,1547
795784,3524
795784,1541
795784,1617
795784,1579
795786,1396
795787,1396
795787,2496
795788,1396
795789,1396
795790,1541
795790,1617
795790,1579
795790,1585
795791,1420
795791,1617
795791,1581
795791,1502
795791,1572
795792,1573
795792,1501
795792,1580
795792,1419
795792,1471
795792,1749
795793,1573
795793,1501
795793,1580
795793,1419
795794,1746
795794,1470
795794,1420
795794,1397
795795,1746
795795,1473
795796,1573
795796,1501
795796,1580
795797,1471
795798,1471
795798,1747
795799,1746
795799,1473
795800,1584
795800,1472
795800,1749
795801,1581
795801,1502
795801,1572
795802,1617
795802,1581
795802,1502
795802,1572
795803,1617
795803,1581
795803,1502
795803,1572
795805,1629
795805,2034
795805,1417
795805,3521
795805,1397
795806,1629
795806,2031
795808,1398
795808,3522
795808,1418
795808,2033
795808,1628
795809,1584
795809,2033
795809,1628
795811,1586
795813,1398
795813,1541
795813,1617
795813,1579
795813,1583
795815,1587
795816,1680
795816,1614
795816,1543
795816,1397
795817,1629
795817,2034
795817,1417
795817,1533
795817,2817
795818,1629
795818,2031
795819,1603
795819,1497
795820,1603
795820,1497
795820,2818
795821,2818
795821,1534
795821,1418
795821,2033
795821,1628
795822,1496
795822,1604
795823,1584
795823,2033
795823,1628
795824,2034
795824,1417
795824,1533
795824,2817
795824,1496
795824,1604
795825,1748
795825,1420
795825,1543
795826,1542
795827,1532
795828,1532
795829,1748
795829,1420
795829,1533
795830,1748
795830,1420
795830,3521
795831,1750
795832,1751
795832,2496
795833,1541
795834,1419
795834,1749
795835,1531
795835,1408
795836,1573
795836,1501
795836,1580
795836,1614
795836,2817
795836,1531
795837,1407
795837,1532
795838,1407
795838,1532
795838,2818
795839,1532
795840,1573
795840,1501
795840,1580
795840,1614
795840,2817
795841,1573
795841,1501
795841,1580
795841,1614
795841,2817
795842,2820
795842,1531
795842,1408
795843,2820
795843,1617
795843,1581
795843,1502
795843,1572
795844,2818
795844,1617
795844,1581
795844,1502
795844,1572
795845,1531
795845,1408
795846,1746
795846,1420
795846,1581
795846,1502
795846,1572
795847,1581
795847,1502
795847,1572
795848,1573
795848,1501
795848,1580
795848,1419
795848,1747
795849,1629
795849,1746
795849,1420
795850,1629
795850,1746
795850,1420
795851,1746
795851,1420
795852,1746
795852,1420
795853,1573
795853,1501
795853,1580
795854,1573
795854,1501
795854,1580
795855,1581
795855,1502
795855,1572
795856,1581
795856,1502
795856,1572
795857,1419
795857,1747
795857,1628
795858,1419
795858,1747
795859,1419
795859,1747
795859,1628
795860,1419
795860,1747
795861,1573
795861,1501
795861,1580
795861,1419
795861,1547
795862,1548
795862,1420
795863,1548
795863,1420
795863,1533
795864,1573
795864,1501
795864,1580
795864,1419
795864,1547
795865,1581
795865,1502
795865,1572
795866,1548
795866,1420
795866,1581
795866,1502
795866,1572
795867,1419
795867,1547
795868,1581
795868,1502
795868,1572
795869,1581
795869,1502
795869,1572
795870,1419
795870,1547
795871,1407
795871,1532
795872,1542
795873,1548
795873,1420
795873,3521
795874,1541
795875,3522
795875,1419
795875,1547
795876,1531
795876,1408
795877,3523
795877,1419
795877,1547
795878,1396
795878,2034
795878,1417
795878,3521
795878,1397
795879,1398
795879,3522
795879,1418
795879,2031
795879,1869
795880,1396
795881,1396
795883,1398
795883,3522
795883,1418
795883,2031
795884,2034
795884,1417
795884,3521
795884,1397
795885,1869
795888,1751
795889,1751
795889,2496
795891,1548
795891,1471
795892,1680
795892,1750
795893,1748
795893,1547
795894,1548
795894,1749
795896,1501
795896,1580
795896,1614
795896,1543
795896,1397
795897,1398
795897,1541
795897,1617
795897,1581
795897,1502
795898,1501
795898,1580
795898,1614
795898,1543
795898,1397
795899,1398
795899,1541
795899,1617
795899,1581
795899,1502
795900,1501
795900,1580
795900,1614
795900,1543
795901,1398
795902,1397
795903,1541
795903,1617
795903,1581
795903,1502
795904,1501
795904,1580
795904,1614
795904,1543
795905,1398
795906,1397
795907,1541
795907,1617
795907,1581
795907,1502
795908,1704
795908,149
795909,1704
795909,2251
795910,1704
795910,149
795910,912
795911,153
795911,148
795911,1705
795912,1705
795913,2838
795913,3476
795913,74
795913,1025
795914,3976
795915,1704
795915,2251
795915,895
795916,3977
795916,1015
795916,1705
795919,3977
795919,1015
795919,1705
795920,1704
795920,895
795922,2935
795922,2506
795922,3422
795922,2013
795922,761
